135
0.0013092290129403273
-0.0007552431160949463
-0.002114887697354986
0.006191676399107956
-0.009337862135631958
0.01140187871885254
-0.012758525639929907
0.011106250817530238
-0.0033799808615711732
-0.009143457359577256
0.02134409204387898
-0.029947063531943312
0.03430641445941109
-0.03128611259200094
0.015663352489809632
0.011586229872703704
-0.040803836790308634
0.06250637856488356
-0.07305358954498514
0.06850147591707839
-0.0414422459552244
-0.008199668909223677
0.06513075092950801
-0.10967710541676194
0.1317328851140272
-0.1263877127738651
0.08498250468934115
-0.005728902205710283
-0.0903653161600396
0.16949730541539101
-0.2101932325271118
0.20579193892954084
-0.14845368537110426
0.034561913432309715
0.11058367358053377
-0.23634842310532542
0.3039906889720783
-0.30323879520785413
0.23030759232378964
-0.08079136789108575
-0.11895722613889795
0.3014050399484772
-0.4043623885807743
0.4105120244472988
-0.3244093328730139
0.14381803328758813
0.10908027461451077
-0.35399576947449535
0.4995454803355879
-0.5155069105420187
0.4201703138639058
-0.21975890838573145
-0.07539372571189051
0.3831292883675792
-0.5774878572402173
0.6042514951384562
-0.5032359613063726
0.3037765961012252
0.008245972504736413
-0.37614486996827823
0.6316256850353197
-0.6637139588532976
0.5511498926864312
-0.41076805262293187
0.18439227633538252
0.2513710478353429
-0.7742826690923182
1.0179832122274408
-0.7742826690923182
0.2513710478353429
0.18439227633538252
-0.41076805262293187
0.5511498926864312
-0.6637139588532976
0.6316256850353197
-0.37614486996827823
0.008245972504736413
0.3037765961012252
-0.5032359613063726
0.6042514951384562
-0.5774878572402173
0.3831292883675792
-0.07539372571189051
-0.21975890838573145
0.4201703138639058
-0.5155069105420187
0.4995454803355879
-0.35399576947449535
0.10908027461451077
0.14381803328758813
-0.3244093328730139
0.4105120244472988
-0.4043623885807743
0.3014050399484772
-0.11895722613889795
-0.08079136789108575
0.23030759232378964
-0.30323879520785413
0.3039906889720783
-0.23634842310532542
0.11058367358053377
0.034561913432309715
-0.14845368537110426
0.20579193892954084
-0.2101932325271118
0.16949730541539101
-0.0903653161600396
-0.005728902205710283
0.08498250468934115
-0.1263877127738651
0.1317328851140272
-0.10967710541676194
0.06513075092950801
-0.008199668909223677
-0.0414422459552244
0.06850147591707839
-0.07305358954498514
0.06250637856488356
-0.040803836790308634
0.011586229872703704
0.015663352489809632
-0.03128611259200094
0.03430641445941109
-0.029947063531943312
0.02134409204387898
-0.009143457359577256
-0.0033799808615711732
0.011106250817530238
-0.012758525639929907
0.01140187871885254
-0.009337862135631958
0.006191676399107956
-0.002114887697354986
-0.0007552431160949463
0.0013092290129403273

