93
0.008671462125086408
-0.005719360219307185
-0.01244449921535621
0.0052311729172545346
0.012566955974857342
-0.005324682569389679
-0.004194152169882033
0.010107926261301685
-0.006478263726035283
-0.017041186187552806
0.011404349918455445
0.015179632381565685
-0.012950444664721446
-0.0005271114759211791
0.018517532625958646
-0.015562489742753552
-0.024355504423581687
0.02066463166426987
0.015689574097462647
-0.019966590473817734
0.009074703872117576
0.025031769344281255
-0.029522130971476088
-0.028803288827878602
0.029735989159580888
0.010896866216889123
-0.023029731745250026
0.025264738553664477
0.02816149886263261
-0.046191961179681745
-0.03140935991838913
0.034348569517873684
0.0021604245717173425
-0.01954442786430163
0.04884617156888939
0.032509219281689046
-0.06706872687990681
-0.04374607425126824
0.03303883012858579
-0.0062442527270366215
-0.012731392761808824
0.10620453453840133
0.0815829843112458
-0.15426562238191127
-0.2099837008856252
0.07438754751697936
0.27600352477371537
0.07438754751697936
-0.2099837008856252
-0.15426562238191127
0.0815829843112458
0.10620453453840133
-0.012731392761808824
-0.0062442527270366215
0.03303883012858579
-0.04374607425126824
-0.06706872687990681
0.032509219281689046
0.04884617156888939
-0.01954442786430163
0.0021604245717173425
0.034348569517873684
-0.03140935991838913
-0.046191961179681745
0.02816149886263261
0.025264738553664477
-0.023029731745250026
0.010896866216889123
0.029735989159580888
-0.028803288827878602
-0.029522130971476088
0.025031769344281255
0.009074703872117576
-0.019966590473817734
0.015689574097462647
0.02066463166426987
-0.024355504423581687
-0.015562489742753552
0.018517532625958646
-0.0005271114759211791
-0.012950444664721446
0.015179632381565685
0.011404349918455445
-0.017041186187552806
-0.006478263726035283
0.010107926261301685
-0.004194152169882033
-0.005324682569389679
0.012566955974857342
0.0052311729172545346
-0.01244449921535621
-0.005719360219307185
0.008671462125086408

